3001969022
1000342072
1000330624
1000356182
3002050920
1000336751
1000327293
1000333183
1000329481
1000345651
1000281076
1000134016
1000345940
1000346153
1000325158
1000257565
1000351127
1000011373
1000347966
1000325665
3002116641
1000353855
1000326150
1000328088
1000349360
1000275721
1000183825
3001586345
1000338193
1000339177
1000304748
1000308353
1000338923
1000319111
1000316229
1000338285
3001498285
3002091317
3002137881
1000357134
3002072234
1000342970
1000344634
3001824581
3001297931
1000336857
1000337047
1000340705
1000341479
1000348591
1000166856
1000349493
1000348940
1000354020
1000337601
1000354020
1000346163
1000355198
1000269976
1000352179
3000884672
3002097152
3002089426
3002097336
3002097173
1000264069
1000298529
1000138204
1000142965
1000324355
1000324355
1000329650
1000305342
1000315785
1000278138
1000326430
1000318366
1000318370
1000278341
1000318385
1000322830
1000305077
1000330220
1000234380
1000332195
1000278341
1000338328
1000353395
1000344118
1000350061
1000320522
1000264069
1000271351
1000337095
1000308932
1000320827
1000277728
1000308528
1000301764
1000064610
1000319945
1000323273
1000323273
1000324689
1000306891
1000307026
1000323075
1000326463
1000204390
1000324654
1000286412
1000308849
1000308849
1000307281
1000322743
1000324592
1000311286
1000310710
1000309831
1000323976
1000318766
1000286412
1000320086
1000332448
1000329526
1000329258
1000330828
1000340582
1000314701
1000332461
1000335615
1000350128
1000269326
1000311167
1000311167
1000315388
1000319226
1000321667
1000321667
1000325931
1000325218
1000326811
1000334365
1000352218
JHSEMR291
1000346705
1000069261
1000266918
1000233319
1000269611
1000289950
1000049049
1000297862
1000301325
1000302985
1000305533
1000320422
1000326012
1000251343
1000320544
1000320544
1000334151
1000337433
1000332160
1000318384
3001496015
1000301967
3001407519
3001924410
1000228616
1000276802
1000328384
1000280654
1000303659
1000280654
3001965583
3001992760
1000330609
3001925366
3001948600
1000189628
3002086353
3001998995
1000289722
3001991021
3001986886
1000334244
3002019519
1000320321
1000276802
1000311262
8990000290
1000350127
3001965684
1000336237
1000177332
3002012644
3002031156
1000326548
3002024518
1000331386
3002053882
1000339734
1000331317
1000313842
3002042394
1000290314
3002042394
3002093637
3002093637
3002105892
3000620954
1000339775
1000332179
3002094747
1000340634
3001656115
1000332160
3002118455
1000335208
3001842596
3001967052
3002139197
1000339775
3002138694
1000169679
3002024513
3002008982
1000339717
1000332160
3002117062
3002128092
1000356151
1000356174
1000355739
3001017217
3002015059
1000202166
1000202166
1000336244
1000344232
3000673348
3002102730
3002101069
3002113181
3002099637
3002018260
3001826876
3001910035
1000333251
3001943411
3002111416
3001321271
3001528233
3002019708
1000337542
1000309189
3001986472
3001671923
1000352063
1000247045
3001998154
1000359107
3002118053
1000353938
1000238453
1000322768
3002125281
3001594525
1000353090
3002140225
3001961883
3001047186
1000345936
3002071980
3001178579
1000353590
3002072038
1000354529
1000354924
1000354991
1000356024
3001120933
3001988185
1000291362
3002018347
3000991817
3001998011
7056873
3002104232
3002056367
3001939622
3001940145
1000217676
3001831630
3001981659
3002138527
9000006489
1000088433
3000553221
1000340828
1000341235
1000337663
1000306196
1000307145
1000313945
1000312137
513335
081341
1000304473
1000169872
1000133827
332484
1000340340
1000138957
3001963825
3001776730
3001986002
065948
3001174644
1000314425
3002016662
3002001512
3002065411
3001911738
1000340690
3002063002
1000174174
3000936663
1000348312
1000333363
3001664455
1000322495
3001609209
3001786205
3002114438
515601
3002064946
3002125351
3002135712
3002127633
1000268523
3001931890
3001931890
332484
3002054912
1000315153
1000346265
3002117780
3002117789
3001682001
3002113245
3001517765
3002113348
3002006805
3000911724
3002030149
3000740937
3002097034
1000350128
1000335426
3002101706
1000357920
3002135358
1000070812
053353
3001803765
3001944118
1000335595
3002053287
1000346358
3002105362
3002092510
3002139054
3001247848
3002102285
3001335680
3002116987
3002108550
3002092452
3002092452
3002113852
3002110579
3002090123
3002098226
3002098322
3002142840
3002124382
3002072056
3002136282
1000333460
3002135074
3001412605
3002138295
3002117297
3002112636
3002108550
1000133051
1000352063
3002014242
1000335595
3002138539
1000011004
3002122513
3001776102
1000318640
3002056169
3000552978
1000336212
1000079369
1000348145
3002072950
1000120692
3002084925
3002108014
3001178844
1000343781
1000057939
1000345979
3002101215
3002059188
1000327905
1000349127
3001952216
3002138249
3001401544
3002102397
3002140051
3001944118
3002138527
3001784809
3002122906
3002103595
3002128748
3001668306
3002097887
3001113134
3001627786
3000681053
1000305433
1000171927
1000329899
1000353948
3002103661
3001062844
3002138664
1000354757
1000356079
3002127416
1000356742
1000358152
1000358309
1000241339
1000209417
3001661526
1000287979
3001952129
1000329222
3001160643
1000339447
1000338198
1000340710
3001205260
1000349516
1000348940
3002116714
3001401544
1000353671
1000064166
1000356077
1000356431
3002116677